Average runtime per turn:
(1,0.000165)
(2,0.250247)
(3,0.000138)
(4,0.250417)
(5,0.000145)
(6,0.250446)
(7,0.000133)
(8,0.250468)
(9,0.000135)
(10,0.250516)
(11,0.000131)
(12,0.250548)
(13,0.000127)
(14,0.250365)
(15,0.000135)
(16,0.250286)
(17,0.000126)
(18,0.250356)
(19,0.000141)
(20,0.250193)
(21,0.000117)
(22,0.250049)
(23,0.000121)
(24,0.250540)
(25,0.000117)
(26,0.250339)
(27,0.000129)
(28,0.250618)
(29,0.000115)
(30,0.250245)
(31,0.000131)
(32,0.250073)
(33,0.000101)
(34,0.250386)
(35,0.000118)
(36,0.250407)
(37,0.000100)
(38,0.250505)
(39,0.000116)
(40,0.250166)
(41,0.000107)
(42,0.249784)
(43,0.000104)
(44,0.249877)
(45,0.000093)
(46,0.052432)
(47,0.000111)
(48,0.002627)
(49,0.000116)

Average number of states visited per turn (if applicable)
(2,107)
(4,108)
(6,120)
(8,144)
(10,155)
(12,171)
(14,196)
(16,209)
(18,218)
(20,221)
(22,222)
(24,248)
(26,247)
(28,258)
(30,238)
(32,243)
(34,241)
(36,211)
(38,202)
(40,219)
(42,232)
(44,259)
(46,70)
(48,7)

Frequency of turns:
(1,25)
(2,25)
(3,25)
(4,25)
(5,25)
(6,25)
(7,25)
(8,25)
(9,25)
(10,25)
(11,25)
(12,25)
(13,25)
(14,25)
(15,18)
(16,18)
(17,16)
(18,16)
(19,9)
(20,9)
(21,8)
(22,8)
(23,7)
(24,7)
(25,7)
(26,7)
(27,7)
(28,7)
(29,7)
(30,7)
(31,5)
(32,5)
(33,5)
(34,5)
(35,4)
(36,4)
(37,4)
(38,4)
(39,4)
(40,4)
(41,4)
(42,4)
(43,4)
(44,4)
(45,4)
(46,4)
(47,4)
(48,4)
(49,4)

x wins: 0
o wins: 21
draws: 4
