Average runtime per turn:
(1,0.250640)
(2,0.000112)
(3,0.250640)
(4,0.000108)
(5,0.250805)
(6,0.000101)
(7,0.250840)
(8,0.000097)
(9,0.250813)
(10,0.000102)
(11,0.250646)
(12,0.000102)
(13,0.250678)
(14,0.000093)
(15,0.250635)
(16,0.000112)
(17,0.251063)
(18,0.000111)
(19,0.250273)
(20,0.000097)
(21,0.250406)
(22,0.000092)
(23,0.250410)
(24,0.000080)
(25,0.250458)
(26,0.000081)
(27,0.250427)
(28,0.000092)
(29,0.250326)
(30,0.000112)
(31,0.213726)
(32,0.000090)
(33,0.040048)
(34,0.000069)
(35,0.002238)
(36,0.000065)

Average number of states visited per turn (if applicable)
(1,97)
(3,178)
(5,189)
(7,204)
(9,210)
(11,215)
(13,299)
(15,240)
(17,202)
(19,245)
(21,205)
(23,234)
(25,255)
(27,272)
(29,287)
(31,285)
(33,65)
(35,7)

Frequency of turns:
(1,25)
(2,25)
(3,25)
(4,25)
(5,25)
(6,25)
(7,25)
(8,25)
(9,25)
(10,25)
(11,25)
(12,23)
(13,23)
(14,5)
(15,5)
(16,4)
(17,4)
(18,3)
(19,3)
(20,3)
(21,3)
(22,3)
(23,3)
(24,3)
(25,3)
(26,3)
(27,3)
(28,3)
(29,3)
(30,2)
(31,2)
(32,1)
(33,1)
(34,1)
(35,1)
(36,1)

x wins: 24
o wins: 0
draws: 1
