Average runtime per turn:
(1,0.000062)
(2,0.250676)
(3,0.000052)
(4,0.250706)
(5,0.000047)
(6,0.250560)
(7,0.000045)
(8,0.250475)
(9,0.000048)
(10,0.241103)
(11,0.000044)
(12,0.062315)
(13,0.000041)
(14,0.005635)
(15,0.000034)
(16,0.000279)

Average number of states visited per turn (if applicable)
(2,331)
(4,374)
(6,398)
(8,409)
(10,523)
(12,157)
(14,20)
(16,2)

Frequency of turns:
(1,25)
(2,25)
(3,25)
(4,25)
(5,25)
(6,25)
(7,25)
(8,25)
(9,21)
(10,21)
(11,9)
(12,9)
(13,7)
(14,7)
(15,5)
(16,5)

x wins: 0
o wins: 20
draws: 5
