Average runtime per turn:
(1,0.000092)
(2,0.250318)
(3,0.000068)
(4,0.250537)
(5,0.000068)
(6,0.250535)
(7,0.000069)
(8,0.250528)
(9,0.000063)
(10,0.250451)
(11,0.000068)
(12,0.250523)
(13,0.000071)
(14,0.250418)
(15,0.000063)
(16,0.250481)
(17,0.000058)
(18,0.250410)
(19,0.000068)
(20,0.243319)
(21,0.000059)
(22,0.029967)
(23,0.000055)
(24,0.001591)
(25,0.000056)

Average number of states visited per turn (if applicable)
(2,130)
(4,143)
(6,150)
(8,215)
(10,241)
(12,287)
(14,298)
(16,330)
(18,338)
(20,408)
(22,62)
(24,7)

Frequency of turns:
(1,25)
(2,25)
(3,25)
(4,25)
(5,25)
(6,25)
(7,25)
(8,25)
(9,25)
(10,25)
(11,25)
(12,25)
(13,24)
(14,24)
(15,23)
(16,23)
(17,16)
(18,16)
(19,8)
(20,8)
(21,7)
(22,7)
(23,6)
(24,6)
(25,6)

x wins: 0
o wins: 19
draws: 6
