Average runtime per turn:
(1,3125.927193)
(2,1071.471767)
(3,0.000665)
(4,0.000397)
(5,0.001683)
(6,0.000296)
(7,0.000973)
(8,0.000318)
(9,0.000741)
(10,0.000264)
(11,0.000565)
(12,0.000218)
(13,0.000520)
(14,0.000162)
(15,0.000117)
(16,0.000198)

Average number of states visited per turn (if applicable)
(1,51562425)
(2,16343028)
(3,15)
(4,14)
(5,13)
(6,12)
(7,11)
(8,10)
(9,9)
(10,8)
(11,7)
(12,6)
(13,5)
(14,4)
(15,3)
(16,2)

Frequency of turns:
(1,1)
(2,1)
(3,1)
(4,1)
(5,1)
(6,1)
(7,1)
(8,1)
(9,1)
(10,1)
(11,1)
(12,1)
(13,1)
(14,1)
(15,1)
(16,1)

x wins: 0
o wins: 0
draws: 1
