Average runtime per turn:
(1,0.000151)
(2,0.251088)
(3,0.000147)
(4,0.251128)
(5,0.000149)
(6,0.251046)
(7,0.000165)
(8,0.251123)
(9,0.000151)
(10,0.251041)
(11,0.000157)
(12,0.251026)
(13,0.000154)
(14,0.251052)
(15,0.000146)
(16,0.250949)
(17,0.000157)
(18,0.250979)
(19,0.000139)
(20,0.250989)
(21,0.000150)
(22,0.251120)
(23,0.000164)
(24,0.251021)
(25,0.000144)
(26,0.250734)
(27,0.000136)
(28,0.251124)
(29,0.000144)
(30,0.250916)
(31,0.000149)
(32,0.250658)
(33,0.000141)
(34,0.251048)
(35,0.000128)
(36,0.250932)
(37,0.000151)
(38,0.250916)
(39,0.000135)
(40,0.251195)
(41,0.000141)
(42,0.250937)
(43,0.000147)
(44,0.250859)
(45,0.000129)
(46,0.250870)
(47,0.000163)
(48,0.251146)
(49,0.000122)
(50,0.250908)
(51,0.000147)
(52,0.251195)
(53,0.000122)
(54,0.251046)
(55,0.000162)
(56,0.250649)
(57,0.000144)
(58,0.250866)
(59,0.000143)
(60,0.186211)
(61,0.000150)
(62,0.016675)
(63,0.000125)
(64,0.000500)

Average number of states visited per turn (if applicable)
(2,130)
(4,141)
(6,138)
(8,145)
(10,146)
(12,158)
(14,162)
(16,173)
(18,172)
(20,173)
(22,182)
(24,199)
(26,196)
(28,163)
(30,186)
(32,200)
(34,207)
(36,205)
(38,216)
(40,213)
(42,212)
(44,218)
(46,225)
(48,224)
(50,231)
(52,150)
(54,155)
(56,175)
(58,204)
(60,193)
(62,23)
(64,2)

Frequency of turns:
(1,25)
(2,25)
(3,25)
(4,25)
(5,25)
(6,25)
(7,25)
(8,25)
(9,25)
(10,25)
(11,25)
(12,25)
(13,25)
(14,25)
(15,25)
(16,25)
(17,25)
(18,25)
(19,16)
(20,16)
(21,12)
(22,12)
(23,12)
(24,12)
(25,11)
(26,11)
(27,9)
(28,9)
(29,7)
(30,7)
(31,6)
(32,6)
(33,5)
(34,5)
(35,4)
(36,4)
(37,4)
(38,4)
(39,4)
(40,4)
(41,4)
(42,4)
(43,4)
(44,4)
(45,4)
(46,4)
(47,4)
(48,4)
(49,4)
(50,4)
(51,3)
(52,3)
(53,3)
(54,3)
(55,3)
(56,3)
(57,3)
(58,3)
(59,3)
(60,3)
(61,3)
(62,3)
(63,3)
(64,3)

x wins: 0
o wins: 22
draws: 3
