Average runtime per turn:
(1,306.430013)
(2,109.746353)
(3,0.000007)
(4,0.000007)
(5,0.000005)
(6,0.000006)
(7,0.000006)
(8,0.000005)
(9,0.000006)
(10,0.000006)
(11,0.000006)
(12,0.000006)
(13,0.000004)
(14,0.000005)
(15,0.000004)
(16,0.000005)

Average number of states visited per turn (if applicable)
(1,898150)
(2,309227)
(3,1)
(4,1)
(5,1)
(6,1)
(7,1)
(8,1)
(9,1)
(10,1)
(11,1)
(12,1)
(13,1)
(14,1)
(15,1)
(16,1)

Frequency of turns:
(1,1)
(2,1)
(3,1)
(4,1)
(5,1)
(6,1)
(7,1)
(8,1)
(9,1)
(10,1)
(11,1)
(12,1)
(13,1)
(14,1)
(15,1)
(16,1)

x wins: 0
o wins: 0
draws: 1
