Average runtime per turn:
(1,0.250614)
(2,0.000178)
(3,0.250752)
(4,0.000177)
(5,0.250806)
(6,0.000177)
(7,0.250845)
(8,0.000168)
(9,0.250802)
(10,0.000175)
(11,0.250726)
(12,0.000190)
(13,0.250597)
(14,0.000184)
(15,0.250735)
(16,0.000170)
(17,0.250779)
(18,0.000179)
(19,0.250840)
(20,0.000171)
(21,0.250641)
(22,0.000165)
(23,0.250391)
(24,0.000173)
(25,0.250496)
(26,0.000163)
(27,0.250763)
(28,0.000153)
(29,0.250750)
(30,0.000153)
(31,0.251075)
(32,0.000201)
(33,0.250984)
(34,0.000158)
(35,0.250934)
(36,0.000191)
(37,0.250633)
(38,0.000142)
(39,0.251050)

Average number of states visited per turn (if applicable)
(1,129)
(3,139)
(5,147)
(7,149)
(9,147)
(11,144)
(13,140)
(15,136)
(17,135)
(19,137)
(21,135)
(23,136)
(25,143)
(27,120)
(29,134)
(31,139)
(33,132)
(35,139)
(37,131)
(39,58)

Frequency of turns:
(1,25)
(2,25)
(3,25)
(4,25)
(5,25)
(6,25)
(7,25)
(8,25)
(9,25)
(10,25)
(11,25)
(12,25)
(13,25)
(14,25)
(15,25)
(16,25)
(17,25)
(18,21)
(19,21)
(20,16)
(21,16)
(22,11)
(23,11)
(24,9)
(25,9)
(26,9)
(27,9)
(28,5)
(29,5)
(30,4)
(31,4)
(32,4)
(33,4)
(34,3)
(35,3)
(36,3)
(37,3)
(38,1)
(39,1)

x wins: 25
o wins: 0
draws: 0
