Average runtime per turn:
(1,0.000104)
(2,0.250101)
(3,0.000098)
(4,0.249893)
(5,0.000093)
(6,0.250128)
(7,0.000092)
(8,0.249889)
(9,0.000091)
(10,0.250096)
(11,0.000089)
(12,0.250032)
(13,0.000096)
(14,0.250066)
(15,0.000105)
(16,0.249727)
(17,0.000091)
(18,0.250270)
(19,0.000085)
(20,0.250254)
(21,0.000085)
(22,0.250021)
(23,0.000074)
(24,0.250102)
(25,0.000076)
(26,0.250029)
(27,0.000079)
(28,0.249990)
(29,0.000083)
(30,0.250229)
(31,0.000077)
(32,0.117912)
(33,0.000072)
(34,0.010882)
(35,0.000078)
(36,0.000382)

Average number of states visited per turn (if applicable)
(2,99)
(4,111)
(6,109)
(8,123)
(10,161)
(12,200)
(14,219)
(16,223)
(18,227)
(20,222)
(22,216)
(24,231)
(26,237)
(28,272)
(30,285)
(32,174)
(34,22)
(36,2)

Frequency of turns:
(1,25)
(2,25)
(3,25)
(4,25)
(5,25)
(6,25)
(7,25)
(8,25)
(9,25)
(10,25)
(11,25)
(12,25)
(13,25)
(14,25)
(15,16)
(16,16)
(17,12)
(18,12)
(19,11)
(20,11)
(21,9)
(22,9)
(23,8)
(24,8)
(25,8)
(26,8)
(27,8)
(28,8)
(29,7)
(30,7)
(31,7)
(32,7)
(33,6)
(34,6)
(35,6)
(36,6)

x wins: 0
o wins: 19
draws: 6
