Average runtime per turn:
(1,0.000233)
(2,0.251047)
(3,0.000184)
(4,0.251029)
(5,0.000166)
(6,0.250990)
(7,0.000175)
(8,0.251102)
(9,0.000176)
(10,0.251048)
(11,0.000162)
(12,0.250902)
(13,0.000172)
(14,0.251023)
(15,0.000169)
(16,0.251025)
(17,0.000172)
(18,0.250970)
(19,0.000168)
(20,0.251096)
(21,0.000168)
(22,0.251012)
(23,0.000161)
(24,0.250832)
(25,0.000158)
(26,0.251062)
(27,0.000167)
(28,0.250698)
(29,0.000156)
(30,0.250882)
(31,0.000180)
(32,0.250847)
(33,0.000163)
(34,0.250715)
(35,0.000153)
(36,0.251233)
(37,0.000163)
(38,0.251211)

Average number of states visited per turn (if applicable)
(2,139)
(4,149)
(6,152)
(8,150)
(10,146)
(12,142)
(14,138)
(16,135)
(18,139)
(20,143)
(22,147)
(24,156)
(26,157)
(28,156)
(30,142)
(32,142)
(34,149)
(36,159)
(38,166)

Frequency of turns:
(1,25)
(2,25)
(3,25)
(4,25)
(5,25)
(6,25)
(7,25)
(8,25)
(9,25)
(10,25)
(11,25)
(12,25)
(13,25)
(14,25)
(15,25)
(16,25)
(17,25)
(18,25)
(19,17)
(20,17)
(21,14)
(22,14)
(23,12)
(24,12)
(25,11)
(26,11)
(27,7)
(28,7)
(29,6)
(30,6)
(31,6)
(32,6)
(33,6)
(34,6)
(35,3)
(36,3)
(37,2)
(38,2)

x wins: 0
o wins: 25
draws: 0
