Average runtime per turn:
(1,0.250238)
(2,0.000071)
(3,0.250368)
(4,0.000065)
(5,0.250368)
(6,0.000062)
(7,0.250224)
(8,0.000062)
(9,0.250216)
(10,0.000058)
(11,0.250247)
(12,0.000060)
(13,0.250296)
(14,0.000064)
(15,0.250137)
(16,0.000058)
(17,0.250095)
(18,0.000060)
(19,0.250180)
(20,0.000055)
(21,0.092159)
(22,0.000054)
(23,0.008994)
(24,0.000060)
(25,0.000373)

Average number of states visited per turn (if applicable)
(1,101)
(3,267)
(5,206)
(7,207)
(9,222)
(11,262)
(13,281)
(15,310)
(17,325)
(19,361)
(21,180)
(23,22)
(25,2)

Frequency of turns:
(1,25)
(2,25)
(3,25)
(4,25)
(5,25)
(6,25)
(7,25)
(8,25)
(9,25)
(10,25)
(11,25)
(12,25)
(13,25)
(14,25)
(15,25)
(16,18)
(17,18)
(18,13)
(19,13)
(20,9)
(21,9)
(22,7)
(23,7)
(24,7)
(25,7)

x wins: 18
o wins: 0
draws: 7
