Average runtime per turn:
(1,1813.559881)
(2,382.525680)
(3,157.314883)
(4,22.744476)
(5,12.131712)
(6,1.971252)
(7,1.325709)
(8,0.247619)
(9,0.135645)
(10,0.040259)
(11,0.018411)
(12,0.005748)
(13,0.002530)
(14,0.000728)
(15,0.000284)
(16,0.000139)

Average number of states visited per turn (if applicable)
(1,16173301)
(2,3352123)
(3,1507176)
(4,231233)
(5,119470)
(6,19958)
(7,12927)
(8,2516)
(9,1312)
(10,431)
(11,178)
(12,59)
(13,26)
(14,9)
(15,4)
(16,2)

Frequency of turns:
(1,1)
(2,1)
(3,1)
(4,1)
(5,1)
(6,1)
(7,1)
(8,1)
(9,1)
(10,1)
(11,1)
(12,1)
(13,1)
(14,1)
(15,1)
(16,1)

x wins: 0
o wins: 0
draws: 1
