Average runtime per turn:
(1,0.250888)
(2,0.000047)
(3,0.250741)
(4,0.000047)
(5,0.250899)
(6,0.000045)
(7,0.250746)
(8,0.000045)
(9,0.248199)
(10,0.000043)
(11,0.126459)
(12,0.000045)
(13,0.018103)
(14,0.000037)
(15,0.001206)
(16,0.000058)

Average number of states visited per turn (if applicable)
(1,294)
(3,366)
(5,422)
(7,420)
(9,485)
(11,315)
(13,54)
(15,7)

Frequency of turns:
(1,25)
(2,25)
(3,25)
(4,25)
(5,25)
(6,25)
(7,25)
(8,23)
(9,23)
(10,7)
(11,7)
(12,2)
(13,2)
(14,1)
(15,1)
(16,1)

x wins: 24
o wins: 0
draws: 1
