Average runtime per turn:
(1,0.250942)
(2,0.000125)
(3,0.250783)
(4,0.000120)
(5,0.250793)
(6,0.000127)
(7,0.250873)
(8,0.000118)
(9,0.250830)
(10,0.000120)
(11,0.250643)
(12,0.000113)
(13,0.250844)
(14,0.000105)
(15,0.250737)
(16,0.000130)
(17,0.250763)
(18,0.000107)
(19,0.250986)
(20,0.000103)
(21,0.250772)
(22,0.000126)
(23,0.250799)
(24,0.000104)
(25,0.250673)
(26,0.000118)
(27,0.250887)
(28,0.000098)
(29,0.251010)
(30,0.000110)
(31,0.250277)
(32,0.000093)
(33,0.250951)
(34,0.000096)
(35,0.251120)
(36,0.000105)
(37,0.249993)
(38,0.000092)
(39,0.250835)
(40,0.000094)
(41,0.250867)
(42,0.000091)
(43,0.249979)
(44,0.000083)
(45,0.149537)
(46,0.000089)
(47,0.014151)
(48,0.000084)
(49,0.000549)

Average number of states visited per turn (if applicable)
(1,110)
(3,155)
(5,157)
(7,152)
(9,160)
(11,174)
(13,209)
(15,210)
(17,213)
(19,215)
(21,236)
(23,225)
(25,242)
(27,179)
(29,216)
(31,183)
(33,155)
(35,116)
(37,144)
(39,181)
(41,197)
(43,198)
(45,178)
(47,22)
(49,2)

Frequency of turns:
(1,25)
(2,25)
(3,25)
(4,25)
(5,25)
(6,25)
(7,25)
(8,25)
(9,25)
(10,25)
(11,25)
(12,25)
(13,25)
(14,14)
(15,14)
(16,10)
(17,10)
(18,9)
(19,9)
(20,7)
(21,7)
(22,6)
(23,6)
(24,4)
(25,4)
(26,4)
(27,4)
(28,3)
(29,3)
(30,3)
(31,3)
(32,2)
(33,2)
(34,1)
(35,1)
(36,1)
(37,1)
(38,1)
(39,1)
(40,1)
(41,1)
(42,1)
(43,1)
(44,1)
(45,1)
(46,1)
(47,1)
(48,1)
(49,1)

x wins: 24
o wins: 0
draws: 1
