Average runtime per turn:
(1,0.250633)
(2,0.000157)
(3,0.250649)
(4,0.000152)
(5,0.250770)
(6,0.000167)
(7,0.250757)
(8,0.000160)
(9,0.250777)
(10,0.000158)
(11,0.250707)
(12,0.000165)
(13,0.250765)
(14,0.000151)
(15,0.250724)
(16,0.000157)
(17,0.250617)
(18,0.000160)
(19,0.250668)
(20,0.000153)
(21,0.250664)
(22,0.000162)
(23,0.250686)
(24,0.000169)
(25,0.250768)
(26,0.000135)
(27,0.250596)
(28,0.000167)
(29,0.250847)
(30,0.000138)
(31,0.250945)
(32,0.000185)
(33,0.250740)
(34,0.000148)
(35,0.250618)
(36,0.000181)
(37,0.250421)

Average number of states visited per turn (if applicable)
(1,132)
(3,168)
(5,152)
(7,150)
(9,146)
(11,144)
(13,139)
(15,158)
(17,170)
(19,170)
(21,169)
(23,176)
(25,180)
(27,154)
(29,186)
(31,174)
(33,182)
(35,189)
(37,191)

Frequency of turns:
(1,25)
(2,25)
(3,25)
(4,25)
(5,25)
(6,25)
(7,25)
(8,25)
(9,25)
(10,25)
(11,25)
(12,25)
(13,25)
(14,25)
(15,25)
(16,25)
(17,25)
(18,15)
(19,15)
(20,12)
(21,12)
(22,10)
(23,10)
(24,9)
(25,9)
(26,7)
(27,7)
(28,6)
(29,6)
(30,4)
(31,4)
(32,2)
(33,2)
(34,2)
(35,2)
(36,2)
(37,2)

x wins: 25
o wins: 0
draws: 0
